165 192825.65392
183 36 663 714 561 
488 667 808 359 624 
581 933 52 335 
615 800 211 30 935 
968 745 218 371 643 
924 774 478 
544 278 511 424 
130 410 409 358 
224 39 78 
402 794 510 
997 69 585 
856 758 964 804 
473 109 77 417 22 
985 884 305 956 
981 125 954 404 
660 308 277 
394 441 40 282 559 
577 533 329 298 
963 726 801 
231 1 70 496 166 515 307 687 617 717 248 
306 294 504 766 343 930 756 241 230 169 540 
902 543 679 604 742 119 610 23 493 225 
388 760 272 321 353 983 499 405 548 128 691 668 
238 597 287 772 506 626 471 252 86 485 
815 658 656 771 761 168 592 464 281 391 
66 545 778 129 723 920 227 850 828 433 
941 32 520 357 686 243 327 348 340 514 
623 734 228 107 776 162 992 598 273 
116 813 840 463 586 906 541 886 174 666 
914 362 621 969 213 251 455 202 547 747 
562 148 291 57 131 593 953 560 418 159 513 
167 293 542 928 952 619 446 396 733 15 73 741 469 
819 999 246 943 8 491 821 150 522 946 
599 755 704 99 10 649 556 657 863 330 637 
854 783 640 861 339 457 748 325 673 735 
655 976 458 798 51 591 141 239 554 233 881 650 647 
411 563 986 938 818 910 27 189 680 153 
590 312 702 199 737 873 576 676 
435 250 629 829 523 117 768 757 392 453 860 283 
38 633 262 63 618 632 366 192 12 929 82 
336 508 254 152 112 157 29 85 55 883 826 221 
611 940 534 738 807 314 770 220 552 
648 949 197 767 214 198 64 589 503 399 98 
337 613 947 588 439 751 583 
122 705 316 678 461 47 773 389 603 416 805 
652 823 258 317 958 505 142 516 431 606 
285 356 472 393 9 474 105 97 919 
977 390 352 600 870 786 274 869 
380 44 4 17 967 688 315 176 
386 792 901 909 259 319 145 803 165 110 42 874 
451 605 578 346 443 7 206 427 67 685 568 
780 529 437 719 204 37 292 989 917 601 232 
106 158 81 385 537 124 816 412 160 
212 859 324 421 369 261 838 697 814 765 
931 173 151 137 998 163 26 665 205 746 
487 255 899 289 572 950 423 101 56 
194 84 867 779 908 595 468 847 892 507 
922 736 34 912 61 744 911 265 2 
796 951 495 420 
365 120 521 996 
415 322 627 698 893 266 
309 890 11 721 253 651 
849 476 788 528 494 354 555 
208 425 149 332 345 936 739 401 
498 438 444 
368 654 918 311 
582 479 300 965 740 677 
382 784 708 460 852 428 
6 268 980 210 574 118 897 
785 267 837 104 132 925 526 
175 144 373 692 133 913 
115 962 486 743 440 512 342 
984 896 244 497 48 830 
764 879 501 683 344 426 
960 810 620 959 841 580 304 
299 449 602 546 759 377 
937 181 407 102 934 720 126 
855 13 530 355 
616 313 481 74 876 795 114 
328 92 200 846 634 811 
535 303 226 671 978 851 134 
789 553 103 331 972 974 422 944 
351 127 682 475 235 596 
456 565 193 
982 707 111 551 94 843 
191 712 898 
76 631 467 333 639 1000 
35 825 932 868 154 921 
571 681 948 91 96 378 275 865 
987 466 279 
988 260 
190 842 50 675 822 459 
143 844 
612 5 477 398 
164 323 242 419 179 
532 33 209 709 991 372 894 672 
108 182 470 93 
406 820 502 222 927 509 465 196 674 
28 775 973 188 527 245 793 636 147 
694 715 286 824 
364 492 219 170 240 216 349 178 237 436 
570 350 882 400 752 269 887 408 690 812 
54 483 531 607 
957 787 806 710 622 
136 900 644 25 
249 782 256 857 341 
184 139 955 14 177 195 769 135 550 994 
95 834 557 381 271 215 630 80 236 264 
301 777 564 320 360 763 113 452 448 367 
945 20 46 689 138 905 
536 257 121 966 635 247 872 903 
711 403 970 729 413 866 
722 718 326 334 645 754 700 889 379 525 791 
482 625 990 584 60 809 993 864 790 280 
363 797 45 68 575 295 180 302 187 19 
384 853 432 727 288 835 858 361 839 608 447 
90 395 519 728 65 186 
79 664 49 489 490 16 669 731 375 701 
781 880 703 524 
462 661 695 
926 442 
888 923 
979 915 732 
670 646 263 
31 276 41 
566 21 207 
89 699 59 140 
971 628 376 817 
203 716 706 88 659 762 
72 
229 434 156 
370 450 270 171 146 
172 569 895 871 662 878 234 
100 414 430 802 753 
907 429 975 454 
318 942 891 609 877 290 
484 445 517 750 642 310 
799 594 374 
18 518 53 62 
831 961 587 58 
296 995 916 
749 653 284 
201 641 347 83 500 
539 885 
383 567 161 71 862 
827 832 724 
397 558 
638 
696 693 
338 297 
730 875 
223 24 217 43 
480 684 833 
573 
939 123 
155 
87 
836 
75 713 614 845 
549 848 
185 387 
579 538 
725 
904 
3 
