1050 4580163.11477
387 1087 162 1473 1352 1148 1316 
26 1832 579 
328 1662 1282 669 557 1818 766 1364 
1729 797 1923 1991 606 29 
615 1102 1415 910 
1051 1709 1136 1940 
552 938 1910 
1399 584 970 
31 1813 53 47 
231 1571 1178 
1575 1618 1129 
254 1760 
243 1647 177 
106 864 
140 51 
39 1166 787 963 
44 1809 1468 
628 
375 1732 77 1919 
1625 1050 1133 
74 1547 
1712 166 410 88 1546 
1776 476 735 1367 
1535 43 1440 1576 
640 12 1495 
842 2000 1032 
1539 868 943 418 
293 189 1402 
1505 1093 1496 
398 1085 1810 203 
1306 1222 715 
396 408 1543 
1747 877 1794 
1259 836 
1130 1792 1885 
1189 644 1342 790 
734 426 1933 
990 516 1095 
1154 982 1216 1064 
687 1643 
383 1215 
1863 849 
1616 465 1054 
1523 768 
692 1279 1153 
1325 509 
867 1285 1112 
1171 852 1097 
305 1420 909 
854 1634 1896 129 
54 1175 1217 
1976 407 
779 1251 551 
273 86 
1210 1880 1043 
75 1273 1738 
501 1401 
1014 1921 356 
917 1749 
1359 385 67 1532 9 
1334 1272 
895 390 393 
55 102 
1108 908 
360 981 
1018 1343 1590 
341 1686 725 
540 1645 155 
1147 1332 1642 
1565 59 933 
1264 571 937 
17 95 1764 1664 
1711 991 362 
1203 1353 561 
169 840 1103 
1351 250 
159 1408 
488 668 
994 745 1503 
1847 553 
1993 1295 
567 1432 1382 
1092 208 1801 
1123 1723 237 
1134 1398 
1803 613 1232 
874 1720 
713 676 1094 
1281 796 720 
1824 252 1648 
1997 1660 898 
1485 1821 
535 1462 
876 906 
1950 989 
1253 1604 
1489 1978 
544 37 117 
1164 1298 837 
1327 458 575 
1545 791 582 
1912 1559 1206 
292 344 
647 1637 708 
1870 1985 685 
1233 355 1680 
1556 
1602 1245 533 
1894 
339 1068 
1474 
817 773 
1138 
699 312 
1267 1459 436 
1716 1466 
577 
1916 
1941 899 1491 
1373 1579 
1008 1242 
1026 1552 
598 771 
1644 103 
776 1806 
1615 780 
110 712 
492 116 
1355 96 
125 863 
429 563 1823 
1494 78 508 
111 1986 1324 
1587 1069 
706 245 1714 
430 1500 
1759 1772 
281 927 
931 757 
1802 950 
639 1586 
289 1827 
1784 417 302 
294 1864 
1646 924 
871 1781 1442 
136 929 949 
1805 1047 
829 19 
935 633 
1294 1202 
1172 1706 
1755 736 
1025 351 631 
1624 34 
1689 1338 500 
625 367 
872 1023 1626 
1378 1550 
104 896 
1106 1677 
1820 1111 
589 421 
581 173 
490 1321 
915 
820 903 
495 636 
1836 1132 
693 1833 
1280 616 
645 1678 
494 1845 
394 1066 
1179 1375 
402 
307 1658 1887 
1433 1595 
1213 16 
541 1926 
1221 
1591 
1354 839 
13 622 
783 433 
1089 1076 
834 1077 
357 1967 
1385 1568 
1594 1520 
904 1536 
923 513 
952 333 1639 
1449 197 
1611 722 
1830 
1934 630 
1508 1270 261 
1366 1028 
698 1869 
353 
60 427 
1284 115 
811 1422 
1057 574 
1688 30 
120 1475 
425 
1055 1451 1942 
1524 441 
889 891 
1965 742 
1922 158 
291 
181 428 
1036 980 
642 1374 
1685 
1365 416 
1542 1516 
1197 1614 
1512 
1876 1727 
1391 1533 
276 1460 
1567 869 
487 1954 
1200 1638 
42 1477 
911 100 
1897 1347 
705 14 
1761 99 
591 520 
369 1065 
463 
1297 1292 89 
1733 8 192 
1436 
101 
801 499 
785 1119 1584 
1931 1265 1389 
515 1766 
1746 1039 
479 
1445 1730 
1745 
828 1024 
660 1961 449 
1274 301 1181 
70 786 
1840 605 
654 1564 
1515 388 
1483 1229 
1668 180 
1558 1235 
566 248 
522 1800 
948 
72 319 
603 655 
1262 727 
167 149 
1814 1126 
1021 135 
1425 1339 
812 987 
648 1623 
377 919 
1843 
1751 1183 
1981 438 
969 528 
562 
1162 1835 
1161 
621 772 
340 993 
623 1943 
753 216 
939 632 
960 124 1011 
1363 1337 
1159 471 
764 419 
1070 650 
546 870 
1828 784 
1734 403 
1411 469 
255 572 1450 
1031 
1580 1406 
1750 814 
857 1890 
1362 482 
1476 365 
1742 1464 
1208 1204 
558 478 
1704 1795 
215 
342 1860 
422 
1692 
925 1379 
1490 1478 
760 
514 97 
423 
1244 1959 
486 1537 
626 1698 
1207 
1470 
751 649 
1088 1694 
1190 170 
1783 1509 
1409 1312 
1113 1713 
2 1501 
612 
45 462 
537 41 
1493 1570 
1271 1186 
1846 73 
132 
884 320 
1027 739 
58 415 
1526 922 
775 1424 
1740 461 
1387 1683 
20 587 
1554 278 
1230 
1266 1763 
1514 
316 1157 
195 1426 
1256 580 
23 1049 
1488 
901 1771 
321 1261 
1988 145 
185 
754 121 
1613 653 
1038 
576 
711 900 
1937 629 
778 1679 
90 1484 
36 
1152 1225 
437 
157 
399 1691 
545 18 
1841 
1340 752 
523 1427 
846 1903 
1156 539 
372 348 
1308 1636 
996 912 
795 371 
1630 
827 
452 1328 
1329 133 
389 1787 
788 
1682 1255 
1549 242 
1467 767 
1597 947 
1789 657 
1829 
1310 807 
1044 
439 573 
444 746 
984 451 
1930 
4 
601 532 
1569 1527 
46 
966 
1973 
1731 
1904 1091 
1009 1000 
1589 
290 130 
1434 107 
1201 750 
1517 
1060 265 
747 
1455 1855 
1499 1061 
1995 1878 
1218 1498 
1317 1946 
25 1725 
336 
1182 275 
1090 1258 
380 1212 
1511 658 
52 1804 
134 
995 710 
1482 233 
1596 199 
472 198 
1566 679 
214 1510 
1697 
1086 
1968 202 
1798 507 
491 
719 
1877 1151 
1938 
809 1486 
400 1286 
1302 
688 
1939 
238 1439 
1724 808 
1115 850 
957 568 
1652 368 
510 1631 
1627 280 
239 
259 1867 
1435 1996 
1900 
1428 1250 
141 108 
1283 1236 
1744 
1073 1793 
285 524 
200 810 
1909 816 
879 1336 
1719 
1452 1670 
1196 1289 
382 
1693 93 
1121 
71 119 
641 128 
804 
1187 
1075 
881 1170 
1601 1947 
1078 1844 
1848 1144 
1431 1966 
1757 1311 
64 942 
1453 1 1765 
609 296 1657 1663 
1541 997 1949 944 
702 1659 
105 435 759 
521 781 1319 
1585 1013 907 
1395 221 1456 420 
1865 1165 968 
1192 559 689 
709 1825 
251 48 988 
186 1994 
769 450 
619 934 1234 
690 1886 
733 985 
1268 667 875 150 
1185 1275 
1974 
127 148 
182 1534 
1617 1989 
1774 1012 
973 204 
1674 1419 
913 
263 1958 83 
602 1834 21 
853 1850 886 
1155 721 
1177 1356 
1588 1071 
404 338 
1397 921 
1223 665 
1116 1447 
1492 1528 
1901 1578 1323 
1868 1861 477 
1918 607 1743 
806 1040 
1983 847 
1446 663 1096 
443 193 798 
858 98 
1812 1581 1058 
1701 1045 
109 1561 1125 
1702 805 304 
497 1383 
1386 1315 1226 
1866 80 
392 1403 
358 1390 
1348 1707 
178 1199 777 
680 1107 
793 1506 
94 364 
717 456 
530 1209 300 
267 1924 
247 1838 
1480 431 
531 413 
152 724 
1260 897 1145 
583 309 
954 
585 1651 
1020 378 
455 1873 
1741 741 1299 
536 1906 
604 845 
1513 
1059 1957 
664 1721 
440 666 347 
595 1048 
412 303 
803 1529 
1572 518 
220 1555 
350 1762 
84 502 
329 376 
610 1842 
7 1915 
1522 547 
212 1405 
1700 57 
40 555 
1046 716 
1650 659 
1799 493 
1673 
222 859 
726 313 
634 529 
1099 138 
137 916 
395 1557 
1667 885 
1858 999 
288 1381 
352 223 
1082 
172 527 
538 1414 
1072 1368 564 
1920 1019 
1304 1224 
1034 1998 
998 624 
1562 972 
1977 
1288 1756 
1574 445 
114 15 
661 1911 229 
1184 
695 643 
914 1895 
1120 1117 
1748 
1149 1392 
830 27 
1400 82 
714 1598 
317 62 
1407 556 
434 1665 
1168 673 
327 146 
381 1726 
91 432 
207 318 1621 
1322 1160 
1889 525 
1079 1530 
1180 284 
1037 345 
880 794 
1438 1122 
253 1932 
703 1143 
457 1984 
298 1227 
1214 662 1851 240 
1331 
1854 
1257 707 1687 
569 1811 
230 670 
1609 283 
800 789 
945 855 
1914 824 
1669 1553 
865 1717 
286 
1444 188 
1676 467 841 
862 234 
10 1131 
638 
1417 1775 
1690 49 
1504 1540 
1695 902 
1033 701 
1963 1538 
844 700 1127 
1620 411 
1779 448 
386 1443 
470 401 
958 326 38 
151 335 
723 
1980 22 
962 
926 264 
1167 1710 
1780 1320 
1369 656 
28 756 
142 363 
272 1247 
279 740 
331 1357 
617 232 
1307 236 
832 32 
1241 1263 122 
894 160 
1231 126 
282 1796 
1944 
1380 1412 
354 1228 
835 295 
866 1293 506 
224 460 
813 343 
511 246 
614 306 
1067 815 
730 194 
1853 76 
1105 
1243 928 
225 1479 
1174 61 
1441 826 
1703 1839 
489 
175 1358 
144 459 
1715 1291 
1902 446 
1953 635 
1859 920 
311 1605 
1593 
975 718 
1600 1899 
1062 483 
1603 1372 
1344 1951 
542 332 
1140 171 
1908 164 
974 274 
1346 69 
1607 
955 1964 
1169 1194 
946 1629 
56 570 
1371 1619 
1110 646 
737 1472 
686 534 
1345 
1773 1083 
63 1301 
271 1999 
374 1871 
1465 409 
833 81 
1852 1883 
1929 1754 
731 
1100 
1326 
554 1722 
1913 50 
287 
256 1163 
761 
1892 1035 
442 519 
749 277 
1287 1396 
763 
1736 
156 211 
1935 953 
728 498 
308 1007 
704 209 
1753 1394 
1502 
743 87 
1349 
184 
590 983 
594 1521 
1837 143 
883 1370 
1237 
266 1109 
1862 
637 139 
161 936 
887 113 
1278 
1610 1146 
1531 1927 
1056 1001 
675 1313 
890 131 
821 1782 
1269 586 
219 
941 391 
819 
1413 
1817 1277 
447 1548 
565 1041 
1290 1481 
1656 191 
683 1791 
1017 
1458 1030 
893 1384 
218 
257 241 
480 
481 
770 1960 
206 932 
1437 
1563 1708 
1928 1577 
1917 
762 1856 
168 1191 
1141 1653 
325 1649 
672 512 
1971 1992 
1211 967 
843 1718 
366 
1681 986 
918 1361 
774 1739 
905 1002 
228 892 
1633 682 
1544 1822 
1788 
878 244 
1429 1881 
379 262 
831 406 
1335 346 
1418 1891 
1457 1350 
1972 
543 1831 
526 
729 
1341 
1622 677 
1318 1118 
24 
1080 
1333 1905 
79 782 
1469 
414 1507 
1220 1628 
349 
1246 
227 
1296 205 
861 517 
165 951 
118 
1525 1612 
361 652 
992 
1640 
484 
1987 
1239 1672 
503 
599 674 
260 
851 1641 
65 1404 
268 1907 
549 
1737 
1193 1893 
270 1675 
600 
1430 
1583 1004 
1114 
1421 
697 322 
1955 
611 1053 
1608 1448 
1388 
226 
1654 196 
1752 588 
1205 976 
123 1074 
299 
1081 1898 
1005 
337 
505 405 
1879 694 
370 678 
201 
68 
147 1945 
1606 1173 
183 1705 
1248 504 
1777 
1979 971 
468 
799 1487 
1006 297 
1101 
1952 
696 
466 249 
235 
1948 
258 1142 
85 
1819 
1857 1768 
888 213 
548 
1052 
596 1661 
1816 315 
33 1029 
1875 
1240 454 
1238 671 
1098 
174 1962 
35 1022 
818 190 
651 373 
314 
825 
979 
5 
930 1551 
1808 
1497 1671 
1410 1807 
1461 
1010 618 
1970 
1314 1969 
956 
485 
1377 
310 1393 
1655 860 
1376 1728 
1635 
823 597 
1195 
359 1104 
1785 
1582 
179 1936 
1003 1849 
1573 1063 
691 
755 334 
1888 
1769 
792 
1758 
1135 
959 
1128 
1696 
1330 
964 
838 1956 
1249 
1872 
1276 
1198 
940 
1518 
1975 
1303 474 
1767 
1463 
1423 
176 323 
163 1309 
92 
1874 
1519 1137 
1084 
627 
324 
1016 681 
330 154 
153 
1015 
453 
620 210 
1471 
1684 
1254 
1150 
1884 
1416 
822 
1666 
978 
397 
473 269 
802 
1790 
1124 
384 
977 
1139 
1786 
1925 
1735 
1560 
464 
112 738 
1797 
66 961 
593 
1219 
1454 
748 
856 
1882 
1815 1770 
550 
1990 
744 
848 
11 
965 
1188 
1360 
873 
882 
6 
1176 1778 
217 
1699 
3 
578 
732 
496 
592 
1982 
187 1042 
608 758 
1300 
1158 
1632 
1305 
1826 
765 
1592 
560 
684 
1599 
1252 
475 
424 
