34 144222.78493
176 793 230 779 871 991 252 477 929 272 660 386 605 206 234 407 244 838 126 349 464 922 451 437 547 484 976 6 538 955 476 584 944 763 686 5 760 344 859 607 808 500 961 388 959 612 762 51 21 709 175 941 96 22 287 901 
727 275 542 792 771 93 228 101 293 706 248 864 124 314 695 261 501 346 453 659 59 149 161 868 374 65 610 77 367 449 613 635 40 134 618 930 923 203 424 414 45 823 805 803 737 152 160 100 382 97 139 19 535 857 569 513 64 265 
989 114 644 556 983 393 850 271 581 967 647 818 817 508 753 754 904 355 900 627 887 684 47 988 937 615 811 421 496 307 993 575 75 645 243 728 586 335 689 12 782 197 366 32 783 279 397 924 461 9 704 747 61 467 
578 927 273 143 363 162 38 316 787 533 326 235 264 135 350 360 300 629 725 215 401 155 301 81 472 329 210 416 691 603 201 973 693 690 303 188 777 123 260 548 683 491 598 200 848 939 897 98 992 24 794 928 918 390 458 
87 402 481 909 66 352 63 931 518 370 311 225 354 974 240 855 17 327 107 82 436 906 10 549 487 362 534 853 448 440 148 330 308 746 328 752 229 860 656 617 626 189 30 497 614 789 772 425 347 524 
389 11 894 532 216 544 375 685 741 88 932 679 657 238 920 837 539 867 220 835 668 628 825 25 847 276 987 609 268 664 157 102 703 309 376 554 739 589 858 606 624 358 550 62 812 980 511 80 199 503 280 138 761 378 807 277 651 775 
14 304 395 116 305 845 144 984 791 334 60 869 469 587 147 642 830 822 601 381 925 833 917 465 466 740 585 815 318 489 880 258 696 510 540 674 519 890 331 977 494 863 237 442 8 936 910 70 39 498 758 459 1 
285 517 52 602 778 426 405 870 720 325 866 933 528 568 676 814 523 171 267 579 321 841 824 670 20 861 903 180 638 16 576 361 345 813 637 
960 545 315 755 341 227 26 298 768 806 514 588 68 692 515 764 146 105 537 567 713 516 483 492 560 573 731 323 
27 342 312 800 947 898 373 827 885 636 767 884 474 1000 732 564 849 852 810 699 981 118 190 31 
878 297 724 798 702 179 133 233 522 672 875 888 428 874 958 471 891 
883 954 74 169 797 441 715 462 748 137 596 44 743 916 457 563 621 174 310 
876 2 281 710 37 383 996 419 839 705 966 902 319 919 251 862 
18 408 786 694 742 945 286 50 733 530 653 479 525 788 640 851 881 943 306 212 543 356 266 914 572 418 254 488 
886 71 630 892 774 253 915 256 639 719 15 671 828 821 431 582 681 289 404 56 104 443 3 468 949 213 499 712 95 577 678 592 249 985 854 655 934 738 324 734 173 562 979 255 340 551 770 619 946 292 
707 971 776 784 150 591 245 117 446 716 950 751 908 377 856 809 231 456 365 998 242 165 167 41 616 278 110 969 183 336 337 873 122 965 108 263 320 131 380 646 750 632 717 687 372 995 166 450 663 526 411 415 333 28 145 
844 364 452 552 170 756 599 736 521 445 23 455 553 990 57 682 504 195 829 701 198 282 223 729 708 454 288 571 429 565 91 194 840 482 600 951 85 379 677 711 29 202 495 181 718 36 597 398 
89 351 675 963 896 219 594 239 819 721 490 796 142 952 274 391 7 666 507 76 217 505 359 120 899 913 119 348 357 111 127 832 177 241 723 730 
698 975 625 593 905 634 826 889 475 658 58 520 649 112 667 633 470 129 781 236 400 247 412 191 956 749 
49 211 962 999 948 773 353 164 84 262 55 512 473 986 480 680 439 409 290 299 399 561 953 172 834 463 4 432 72 332 430 631 207 136 222 159 103 978 570 643 804 611 648 877 820 926 132 322 403 48 541 338 178 13 
204 422 343 816 846 665 35 493 184 843 392 209 42 652 34 982 
486 125 559 942 700 620 205 33 938 865 604 669 641 879 882 130 163 369 283 434 509 
968 154 583 907 193 574 935 506 294 759 688 566 895 339 410 
444 546 232 558 413 187 99 394 92 654 769 557 69 529 192 997 435 
622 208 106 295 785 90 224 722 662 831 802 
673 780 226 447 502 121 371 423 940 186 
43 799 650 67 291 94 54 158 396 
485 417 140 766 46 128 185 86 590 527 296 269 714 744 368 168 893 113 141 957 246 115 317 53 
427 745 214 384 438 313 73 79 156 964 921 151 555 406 
284 460 257 972 697 182 78 
196 385 259 580 911 970 842 623 433 608 
218 250 912 83 478 595 872 765 531 790 757 302 
661 726 270 420 536 387 221 
801 836 994 109 735 795 153 
