50
13633.21600
13676.85515
13643.66787
13757.00197
13633.21600
100
22484.88610
22118.79526
21944.82908
22314.27488
22040.28572
150
33842.77281
33394.49970
33850.83116
33500.29434
33717.58004
200
43065.88711
42530.01769
43412.17603
43611.62892
42426.48424
250
45183.79257
45374.22686
44908.28520
44996.77323
44328.71963
300
53032.90718
53029.13183
52796.56271
52854.93041
52798.14298
350
62475.89478
62570.17657
62777.64061
62781.65746
62964.61269
400
74958.46648
75120.61057
74502.48107
75988.21400
75524.59584
450
67988.59381
68084.84078
67601.25335
67668.99526
67485.42602
500
69710.47566
70610.62138
70586.64861
70280.35064
69775.50470
550
77599.69229
77875.76983
77604.03257
77565.60380
77689.73039
600
83383.80226
84009.98232
84752.00548
84002.81893
83958.59116
650
91025.61074
91096.73176
91109.46154
91125.02375
90966.81087
700
85086.92388
84858.24627
84823.89630
84899.45708
85412.90232
750
95145.06381
95558.47479
96153.60397
95535.59328
95550.66430
800
101197.98556
100708.83081
100566.93811
100451.97069
100896.39270
850
115856.75330
115766.74442
115154.85220
115106.93334
116392.83641
900
120615.65845
120563.00340
120874.79914
120840.32277
120999.40164
950
135869.68278
134459.04747
135339.63320
135641.94187
134703.57423
1000
140018.48633
139254.92452
139527.61841
139258.11644
139492.24773
